290333497270
290333497280
290333497291
290333497308
290333497319
290333497320
290333497330
290333497341
290333497352
290333497363
290333497374
290333497385
290333497396
290333497402
290333497413
290333497424
290333497435
290333495139
290333495140
290333495150
290333495161
290333495172
290333495183
290333495194
290333495200
290333495211
290333495222
290333495233
290333495244
290333495255
290333495266
290333739082
290333739093
290333739364
290333739100
290333739375
290333737516
290333739386
290333739397
290333739403
290334135567
290334135578
290334135589
290335540107
290335540118
290335540129
290335540130
290335540140
290335540151
290335540162
290335540173
290335540184
290335540195
290335540201
290335540212
290335540223
290335540234
290335540245
290335540256
290335540267
290336029885
290336029896
290336029902
290336029913
290336029924
290336029935
290336029946
290336029957
290336029968
290336029979
290336029980
290336029990
290336030005
290336030016
290336412280
290336412291
290336412308
290336412319
290336412320
290336412330
290336412341
290336412352
290336412363
290336412374
290336412385
290336412396
290336412402
290336412413
290336412424
290336412435
290336412446
290336412457
290336412468
290336412479
290336412480
290336412490
290336412507
290336412518
290336412529
290336412530
290336412540
290336412551
290336412562
290336645707
290336645718
290336645729
290336645730
290336645740
290336645751
290336645762
290336645773
290336645784
290336645795
290336645801
290336645812
290336645823
290336645834
290336645845
290336645856
290336645867
290336645878
290336645889
290336645890
290336645906
290336645917
290336645928
290336645939
290336645940
290336645950
290336645961
290336645972
290336645983
290336645994
290336646001
290336646012
290336646023
290336646034
290336646045
290336646056
290336646067
290336646078
290336646089
290336646090
290336646106
290336646117
290336646128
290336646139
290336646140
290336646150
290336646161
290336646172
290336646183
290336646194
290336906117
290336906128
290336906139
290336906140
290336906150
290336906161
290336906172
290336906183
290336906194
290336906200
290336906211
290336906222
290336906233
290336906244
290336906255
290336906266
290336906277
290336906288
290336906299
290336906305
290336906316
290336906327
290336906338
290336906349
290336906350
290336906360
290336906371
290336906382
290336906393
290336906400
290336906410
290336906421
290336906432
290336906443
290336906454
290336906465
290336906476
290336906487
290336906498
290336906504
290336906515
290336906526
290336906537
290336906548
290336906559
290336906560
290336906570
290336906581
290336906592